0.017587149	2395.5000
0.031006455	2340.9000
0.044425762	1947.6000
0.057845069	1480.8824
0.071264375	1365.1667
0.084683682	1026.3333
0.098102989	882.60000
0.11152230	595.87500
0.12494160	518.55882
0.13836091	343.02778
0.15178022	325.90909
0.16519952	219.74000
0.17861883	182.21429
0.19203814	147.64000
0.20545744	139.28571
0.21887675	127.60606
0.23229606	124.51471
0.24571536	120.97143
0.25913467	120.73770
0.27255398	118.89286
0.28597328	118.26437
0.29939259	116.96629
0.31281190	116.01176
0.32623120	117.71264
0.33965051	116.40777
0.35306982	115.29245
0.36648912	114.00000
0.37990843	116.50000
0.39332774	113.50000
0.40674704	114.87603
0.42016635	114.60976
0.43358566	114.93805
0.44700496	115.64341
0.46042427	116.35971
0.47384357	118.19708
0.48726288	116.40441
0.50068219	115.20290
0.51410149	117.15714
0.52752080	116.31847
0.54094011	117.25786
0.55435941	116.64780
0.56777872	117.53289
0.58119803	116.84211
0.59461733	118.05682
0.60803664	118.41379
0.62145595	118.15476
0.63487525	116.48000
0.64829456	116.37306
0.66171387	115.61500
0.67513317	117.45405
0.68855248	116.28342
0.70197179	116.40976
0.71539109	116.12385
0.72881040	114.96135
0.74222971	116.01020
0.75564901	114.38679
0.76906832	113.95133
0.78248763	114.49785
0.79590693	114.30631
0.80932624	115.18433
0.82274555	115.51406
0.83616485	116.38430
0.84958416	115.91632
0.86300347	114.72065
0.87642277	114.54393
0.88984208	115.01938
0.90326139	115.73946
0.91668069	116.37828
0.93010000	116.25197
0.94351931	116.00000
0.95693861	115.65734
0.97035792	116.87986
0.98377723	117.19273
0.99719653	117.63296
1.0106158	119.38305
1.0240351	122.54027
1.0374545	123.45000
1.0508738	127.27778
1.0642931	133.16162
1.0777124	144.27410
1.0911317	159.29206
1.1045510	182.02273
1.1179703	224.37124
1.1313896	263.27108
1.1448089	318.90719
1.1582282	369.55963
1.1716475	427.82263
1.1850668	477.12798
1.1984861	530.38028
1.2119054	574.78693
1.2253247	637.78902
1.2387441	670.08187
1.2521634	739.48476
1.2655827	770.90411
1.2790020	849.36915
1.2924213	876.65840
1.3058406	970.59783
1.3192599	994.37760
1.3326792	1074.9718
1.3460985	1118.0556
1.3595178	1165.6813
1.3729371	1250.6784
1.3863564	1315.3552
1.3997757	1359.5160
1.4131950	1400.2701
1.4266143	1492.7382
1.4400337	1569.9435
1.4534530	1632.0000
1.4668723	1681.1531
1.4802916	1743.2826
1.4937109	1792.5259
1.5071302	1826.8166
1.5205495	1860.1236
1.5339688	1907.9623
1.5473881	1948.1164
1.5608074	1972.2538
1.5742267	2004.5692
1.5876460	2050.4754
1.6010653	2088.0907
1.6144846	2134.4514
1.6279039	2153.8975
1.6413233	2182.6052
1.6547426	2223.1538
1.6681619	2253.4000
1.6815812	2284.6729
1.6950005	2304.5711
1.7084198	2337.9343
1.7218391	2361.9938
1.7352584	2415.6364
1.7486777	2426.3444
1.7620970	2425.5757
1.7755163	2414.2401
1.7889356	2429.4777
1.8023549	2449.0614
1.8157742	2440.9711
1.8291935	2466.9229
1.8426129	2459.1012
1.8560322	2493.8549
1.8694515	2490.6554
1.8828708	2529.5969
1.8962901	2546.6767
1.9097094	2592.4021
1.9231287	2637.7047
1.9365480	2665.9097
1.9499673	2704.1298
1.9633866	2745.5292
1.9768059	2785.4474
1.9902252	2813.1140
2.0036445	2840.9562
2.0170638	2872.7456
2.0304831	2900.2764
2.0439025	2963.4696
2.0573218	3028.8400
2.0707411	3192.8353
2.0841604	3221.2824
2.0975797	3251.7308
2.1109990	3270.2826
2.1244183	3280.0111
2.1378376	3287.1705
2.1512569	3268.6883
2.1646762	3303.9896
2.1780955	3308.2826
2.1915148	3306.0222
2.2049341	3294.8276
2.2183534	3273.8588
2.2317727	3284.7653
2.2451921	3280.7053
2.2586114	3266.8022
2.2720307	3243.9375
2.2854500	3247.9029
2.2988693	3253.1828
2.3122886	3260.6100
2.3257079	3222.9438
2.3391272	3224.4000
2.3525465	3253.7857
2.3659658	3249.7100
2.3793851	3237.7526
2.3928044	3242.5158
2.4062237	3251.0103
2.4196430	3251.2115
2.4330623	3272.7900
2.4464817	3277.2929
2.4599010	3271.8132
2.4733203	3270.6296
2.4867396	3286.5755
2.5001589	3275.5941
2.5135782	3299.2115
2.5269975	3292.4783
2.5404168	3307.4386
2.5538361	3310.1538
2.5672554	3297.4771
2.5806747	3304.9080
2.5940940	3304.9661
2.6075133	3310.9550
2.6209326	3309.0364
2.6343519	3342.9694
2.6477713	3320.8131
2.6611906	3310.8174
2.6746099	3317.2432
2.6880292	3312.3333
2.7014485	3340.1038
2.7148678	3345.3423
2.7282871	3343.8583
2.7417064	3344.3514
2.7551257	3331.5636
2.7685450	3326.4862
2.7819643	3332.9587
2.7953836	3344.4138
2.8088029	3342.2793
2.8222222	3336.3333
2.8356415	3330.9009
2.8490609	3339.3590
2.8624802	3348.4797
2.8758995	3360.0250
2.8893188	3352.9717
2.9027381	3327.5583
2.9161574	3346.7500
2.9295767	3338.8739
2.9429960	3338.1092
2.9564153	3336.2018
2.9698346	3323.4186
2.9832539	3320.2500
2.9966732	3336.4524
3.0100925	3334.3540
3.0235118	3323.9524
3.0369311	3316.6047
3.0503505	3315.5385
3.0637698	3315.4492
3.0771891	3306.5122
3.0906084	3328.7634
3.1040277	3298.3788
3.1174470	3298.3496
3.1308663	3315.4733
3.1442856	3294.3760
3.1577049	3308.6466
3.1711242	3298.0769
3.1845435	3291.0672
3.1979628	3296.2787
3.2113821	3274.1583
3.2248014	3261.6591
3.2382207	3272.8029
3.2516401	3278.6031
3.2650594	3256.6563
3.2784787	3249.5766
3.2918980	3247.1071
3.3053173	3215.6454
3.3187366	3192.0317
3.3321559	3179.5217
3.3455752	3187.5429
3.3589945	3170.8571
3.3724138	3153.9111
3.3858331	3134.8594
3.3992524	3121.0903
3.4126717	3116.1379
3.4260910	3091.2552
3.4395103	3079.5108
3.4529297	3079.1955
3.4663490	3071.0461
3.4797683	3070.2671
3.4931876	3052.0559
3.5066069	3022.9313
3.5200262	3050.3442
3.5334455	3082.0544
3.5468648	3138.9262
3.5602841	3214.6154
3.5737034	3379.8116
3.5871227	3634.6887
3.6005420	4070.8693
3.6139613	4644.3072
3.6273806	5248.9424
3.6407999	5799.1391
3.6542193	6130.3289
3.6676386	6003.2548
3.6810579	5502.5405
3.6944772	4865.6276
3.7078965	4159.2418
3.7213158	3620.4545
3.7347351	3312.5935
3.7481544	3136.6645
3.7615737	3047.5493
3.7749930	2993.6964
3.7884123	2991.6289
3.8018316	3009.6795
3.8152509	3060.1844
3.8286702	3137.9085
3.8420895	3337.8084
3.8555089	3718.6074
3.8689282	4352.0581
3.8823475	5249.2500
3.8957668	6606.6384
3.9091861	8434.1615
3.9226054	10030.500
3.9360247	10951.099
3.9494440	10783.846
3.9628633	9580.2275
3.9762826	7544.3713
3.9897019	5745.9490
4.0031212	4524.1656
4.0165405	3628.6353
4.0299598	3196.8129
4.0433791	2974.8634
4.0567985	2841.4706
4.0702178	2775.0311
4.0836371	2747.8523
4.0970564	2724.3473
4.1104757	2694.9884
4.1238950	2692.1394
4.1373143	2691.3161
4.1507336	2692.2982
4.1641529	2666.2299
4.1775722	2663.4080
4.1909915	2650.2822
4.2044108	2637.1543
4.2178301	2642.9322
4.2312494	2628.2198
4.2446687	2623.0000
4.2580881	2620.1098
4.2715074	2617.0337
4.2849267	2615.0914
4.2983460	2618.0460
4.3117653	2615.3966
4.3251846	2615.4520
4.3386039	2617.0055
4.3520232	2610.3315
4.3654425	2616.7542
4.3788618	2608.9128
4.3922811	2627.7819
4.4057004	2602.5753
4.4191197	2593.0656
4.4325390	2605.7049
4.4459583	2598.5198
4.4593777	2608.7287
4.4727970	2602.7340
4.4862163	2591.2609
4.4996356	2595.2022
4.5130549	2599.6096
4.5264742	2605.1684
4.5398935	2597.6720
4.5533128	2597.0781
4.5667321	2613.1130
4.5801514	2603.2083
4.5935707	2604.7641
4.6069900	2616.8617
4.6204093	2618.3990
4.6338286	2610.1559
4.6472479	2605.6533
4.6606673	2611.9524
4.6740866	2600.8950
4.6875059	2604.9834
4.7009252	2619.9700
4.7143445	2620.1624
4.7277638	2623.6965
4.7411831	2625.8808
4.7546024	2641.3069
4.7680217	2644.0653
4.7814410	2640.8696
4.7948603	2640.3267
4.8082796	2647.0417
4.8216989	2635.3632
4.8351182	2657.6986
4.8485375	2654.1716
4.8619569	2660.5545
4.8753762	2660.4555
4.8887955	2666.4563
4.9022148	2674.4976
4.9156341	2689.6058
4.9290534	2668.6386
4.9424727	2684.1969
4.9558920	2700.6840
4.9693113	2708.3270
4.9827306	2716.6842
4.9961499	2706.1990
5.0095692	2725.2021
5.0229885	2720.3059
5.0364078	2722.9346
5.0498271	2722.3398
5.0632464	2744.7374
5.0766658	2751.2339
5.0900851	2761.7018
5.1035044	2776.4952
5.1169237	2782.2594
5.1303430	2784.4527
5.1437623	2812.5023
5.1571816	2818.9769
5.1706009	2812.1416
5.1840202	2824.6794
5.1974395	2827.9104
5.2108588	2853.8624
5.2242781	2854.7733
5.2376974	2858.6540
5.2511167	2872.8084
5.2645360	2875.1729
5.2779554	2895.5590
5.2913747	2902.3196
5.3047940	2913.5133
5.3182133	2908.2767
5.3316326	2934.8114
5.3450519	2938.6550
5.3584712	2945.5044
5.3718905	2967.4633
5.3853098	2967.9213
5.3987291	2979.3939
5.4121484	2980.8009
5.4255677	3009.2377
5.4389870	3008.9067
5.4524063	3020.3716
5.4658256	3041.5481
5.4792450	3058.4430
5.4926643	3052.9522
5.5060836	3060.2905
5.5195029	3079.3375
5.5329222	3092.5000
5.5463415	3109.3691
5.5597608	3121.0664
5.5731801	3139.0182
5.5865994	3153.1757
5.6000187	3158.6929
5.6134380	3176.0983
5.6268573	3192.5153
5.6402766	3197.3391
5.6536959	3198.8465
5.6671152	3216.1208
5.6805346	3222.0300
5.6939539	3233.5130
5.7073732	3243.7124
5.7207925	3266.5388
5.7342118	3281.1198
5.7476311	3285.7429
5.7610504	3290.2477
5.7744697	3307.1270
5.7878890	3330.1653
5.8013083	3351.9759
5.8147276	3351.9351
5.8281469	3350.0085
5.8415662	3366.6760
5.8549855	3381.3191
5.8684048	3405.2414
5.8818242	3405.6992
5.8952435	3422.2803
5.9086628	3432.1680
5.9220821	3435.4156
5.9355014	3462.6850
5.9489207	3469.1000
5.9623400	3485.9731
5.9757593	3503.2621
5.9891786	3519.6063
6.0025979	3544.1840
6.0160172	3549.5656
6.0294365	3583.8960
6.0428558	3631.8378
6.0562751	3678.5317
6.0696944	3765.9572
6.0831138	3891.7375
6.0965331	4144.1769
6.1099524	4583.5492
6.1233717	5290.2046
6.1367910	6248.1162
6.1502103	7373.2305
6.1636296	8526.6350
6.1770489	9252.3962
6.1904682	9192.7519
6.2038875	8407.6341
6.2173068	7215.5038
6.2307261	5915.5730
6.2441454	4944.3115
6.2575647	4375.6528
6.2709840	4067.9177
6.2844034	3891.5181
6.2978227	3795.1609
6.3112420	3751.1140
6.3246613	3725.4783
6.3380806	3713.0958
6.3514999	3706.1667
6.3649192	3706.3745
6.3783385	3722.1192
6.3917578	3735.5094
6.4051771	3786.1407
6.4185964	3870.9606
6.4320157	3973.2955
6.4454350	4175.0368
6.4588543	4498.1937
6.4722736	4920.5563
6.4856930	5444.9091
6.4991123	5946.9515
6.5125316	6262.3309
6.5259509	6288.5296
6.5393702	6037.9247
6.5527895	5473.4657
6.5662088	4895.9307
6.5796281	4409.6299
6.5930474	4069.3534
6.6064667	3855.1326
6.6198860	3742.1064
6.6333053	3642.1796
6.6467246	3587.9963
6.6601439	3560.1259
6.6735632	3541.4819
6.6869826	3523.1575
6.7004019	3499.8885
6.7138212	3489.8172
6.7272405	3463.7224
6.7406598	3460.9794
6.7540791	3456.7034
6.7674984	3444.5250
6.7809177	3423.4566
6.7943370	3404.1301
6.8077563	3392.6305
6.8211756	3382.4221
6.8345949	3351.4377
6.8480142	3343.7572
6.8614335	3347.5651
6.8748528	3323.9054
6.8882722	3309.6829
6.9016915	3290.2827
6.9151108	3284.6119
6.9285301	3271.8993
6.9419494	3259.2192
6.9553687	3256.9356
6.9687880	3230.4804
6.9822073	3226.7114
6.9956266	3225.8061
7.0090459	3222.9766
7.0224652	3219.6493
7.0358845	3241.9418
7.0493038	3269.7047
7.0627231	3265.0333
7.0761424	3275.1831
7.0895618	3262.7190
7.1029811	3230.9785
7.1164004	3185.0641
7.1298197	3135.6655
7.1432390	3091.8474
7.1566583	3052.8027
7.1700776	3036.7182
7.1834969	3014.2825
7.1969162	2999.9218
7.2103355	2981.3454
7.2237548	2960.1424
7.2371741	2952.7405
7.2505934	2929.7161
7.2640127	2921.9142
7.2774320	2908.6645
7.2908514	2885.0101
7.3042707	2882.2664
7.3176900	2876.9049
7.3311093	2857.5294
7.3445286	2843.2000
7.3579479	2836.4770
7.3713672	2821.5695
7.3847865	2810.5457
7.3982058	2795.0224
7.4116251	2779.3778
7.4250444	2773.6228
7.4384637	2754.4632
7.4518830	2728.1108
7.4653023	2716.3209
7.4787216	2706.2452
7.4921410	2692.9437
7.5055603	2683.9537
7.5189796	2671.0427
7.5323989	2660.6795
7.5458182	2649.8323
7.5592375	2632.7843
7.5726568	2619.2068
7.5860761	2615.8879
7.5994954	2599.7367
7.6129147	2586.4952
7.6263340	2577.7956
7.6397533	2575.6587
7.6531726	2557.3665
7.6665919	2555.4582
7.6800112	2545.4367
7.6934306	2532.3727
7.7068499	2515.0061
7.7202692	2518.0732
7.7336885	2521.1524
7.7471078	2508.2679
7.7605271	2501.8308
7.7739464	2501.5364
7.7873657	2508.9602
7.8007850	2523.1467
7.8142043	2548.4076
7.8276236	2581.6804
7.8410429	2655.3598
7.8544622	2771.7575
7.8678815	2915.3678
7.8813008	3063.4695
7.8947202	3214.0597
7.9081395	3322.9199
7.9215588	3374.5947
7.9349781	3393.6190
7.9483974	3433.1348
7.9618167	3455.5058
7.9752360	3485.3294
7.9886553	3439.7110
8.0020746	3303.4524
8.0154939	3124.6975
8.0289132	2970.0237
8.0423325	2899.6496
8.0557518	2940.4240
8.0691711	3099.3698
8.0825904	3333.2943
8.0960098	3583.1312
8.1094291	3769.5869
8.1228484	3769.8161
8.1362677	3550.3790
8.1496870	3246.0951
8.1631063	2900.8427
8.1765256	2624.9713
8.1899449	2436.0199
8.2033642	2312.5685
8.2167835	2248.5103
8.2302028	2214.5408
8.2436221	2185.5710
8.2570414	2175.5768
8.2704607	2157.5289
8.2838800	2140.5719
8.2972994	2128.3361
8.3107187	2119.0787
8.3241380	2108.1453
8.3375573	2102.3006
8.3509766	2095.4266
8.3643959	2082.7549
8.3778152	2073.3962
8.3912345	2062.7514
8.4046538	2051.6000
8.4180731	2038.4350
8.4314924	2029.5507
8.4449117	2030.5556
8.4583310	2022.0000
8.4717503	2012.7163
8.4851696	2015.8090
8.4985890	1998.2834
8.5120083	1987.8917
8.5254276	1979.1050
8.5388469	1967.6968
8.5522662	1967.4043
8.5656855	1962.8764
8.5791048	1962.4823
8.5925241	1956.9319
8.6059434	1949.7293
8.6193627	1936.7934
8.6327820	1930.0290
8.6462013	1930.8425
8.6596206	1921.2177
8.6730399	1916.1140
8.6864592	1904.2079
8.6998786	1901.2705
8.7132979	1890.6096
8.7267172	1888.5508
8.7401365	1886.6676
8.7535558	1880.6711
8.7669751	1879.3288
8.7803944	1870.6501
8.7938137	1867.3569
8.8072330	1860.5738
8.8206523	1865.2775
8.8340716	1867.4021
8.8474909	1862.5876
8.8609102	1866.4459
8.8743295	1868.1289
8.8877488	1860.9587
8.9011682	1849.1662
8.9145875	1830.5707
8.9280068	1813.2314
8.9414261	1798.8981
8.9548454	1797.0101
8.9682647	1796.1667
8.9816840	1784.2668
8.9951033	1782.7192
9.0085226	1777.8229
9.0219419	1778.7467
9.0353612	1774.4439
9.0487805	1768.0254
9.0621998	1761.7964
9.0756191	1758.2173
9.0890384	1750.8300
9.1024578	1745.3081
9.1158771	1736.0821
9.1292964	1739.3902
9.1427157	1736.1138
9.1561350	1730.4053
9.1695543	1726.6146
9.1829736	1723.7355
9.1963929	1718.7824
9.2098122	1717.4278
9.2232315	1711.3325
9.2366508	1709.7374
9.2500701	1696.4318
9.2634894	1694.3650
9.2769087	1696.4282
9.2903280	1689.1789
9.3037474	1685.7588
9.3171667	1687.5623
9.3305860	1683.0622
9.3440053	1680.1528
9.3574246	1680.9066
9.3708439	1675.3521
9.3842632	1679.9250
9.3976825	1668.9479
9.4111018	1665.5906
9.4245211	1673.4818
9.4379404	1676.2530
9.4513597	1674.5123
9.4647790	1675.7836
9.4781983	1683.0974
9.4916176	1695.3949
9.5050370	1718.0647
9.5184563	1762.5242
9.5318756	1818.3258
9.5452949	1900.3776
9.5587142	2016.5348
9.5721335	2156.8389
9.5855528	2310.9275
9.5989721	2426.4729
9.6123914	2510.2720
9.6258107	2541.8393
9.6392300	2497.3310
9.6526493	2390.6829
9.6660686	2234.1622
9.6794879	2071.7318
9.6929072	1925.7062
9.7063266	1816.2138
9.7197459	1734.8094
9.7331652	1692.2556
9.7465845	1667.4580
9.7600038	1658.4892
9.7734231	1654.8405
9.7868424	1660.0657
9.8002617	1670.0845
9.8136810	1677.6957
9.8271003	1681.5446
9.8405196	1682.9631
9.8539389	1679.7705
9.8673582	1671.7855
9.8807775	1666.7554
9.8941968	1679.9835
9.9076162	1703.1300
9.9210355	1753.6393
9.9344548	1827.4390
9.9478741	1901.1981
9.9612934	1956.9692
9.9747127	1981.7355
9.9881320	1947.3843
10.001551	1876.9460
10.014971	1798.1774
10.028390	1737.3981
10.041809	1703.2220
10.055229	1702.6376
10.068648	1732.9532
10.082067	1799.0117
10.095486	1904.8173
10.108906	2052.2831
10.122325	2244.3318
10.135744	2430.4139
10.149164	2572.2079
10.162583	2622.2128
10.176002	2587.5336
10.189422	2471.8545
10.202841	2317.5843
10.216260	2171.4834
10.229680	2036.0859
10.243099	1907.2220
10.256518	1784.9429
10.269937	1687.4761
10.283357	1616.8105
10.296776	1569.9349
10.310195	1535.3274
10.323615	1516.1982
10.337034	1504.8039
10.350453	1497.1951
10.363873	1488.2975
10.377292	1478.8465
10.390711	1478.5787
10.404130	1473.6836
10.417550	1465.7065
10.430969	1466.4922
10.444388	1459.8490
10.457808	1463.0414
10.471227	1459.5740
10.484646	1465.8734
10.498066	1467.9439
10.511485	1478.5873
10.524904	1499.9101
10.538324	1525.9887
10.551743	1582.3383
10.565162	1673.0444
10.578581	1796.6159
10.592001	1959.7991
10.605420	2153.2013
10.618839	2317.8599
10.632259	2394.5821
10.645678	2351.5022
10.659097	2215.6196
10.672517	2018.6944
10.685936	1826.2747
10.699355	1688.1116
10.712775	1588.8214
10.726194	1514.4000
10.739613	1464.8734
10.753032	1429.9184
10.766452	1413.6525
10.779871	1399.2640
10.793290	1387.1511
10.806710	1376.2678
10.820129	1374.2034
10.833548	1368.2426
10.846968	1366.8043
10.860387	1361.8867
10.873806	1357.5423
10.887226	1352.8532
10.900645	1349.6250
10.914064	1349.9684
10.927483	1348.7356
10.940903	1350.0905
10.954322	1355.7658
10.967741	1361.5289
10.981161	1366.9487
10.994580	1370.0065
11.007999	1378.8396
11.021419	1378.4409
11.034838	1378.6605
11.048257	1370.9242
11.061677	1357.9520
11.075096	1347.6695
11.088515	1334.2215
11.101934	1323.0586
11.115354	1316.7515
11.128773	1310.4050
11.142192	1303.5880
11.155612	1297.1693
11.169031	1294.5053
11.182450	1288.6831
11.195870	1285.9918
11.209289	1286.1677
11.222708	1283.7128
11.236128	1279.8053
11.249547	1281.7525
11.262966	1279.9189
11.276385	1277.1349
11.289805	1274.1622
11.303224	1272.8266
11.316643	1271.5723
11.330063	1270.4078
11.343482	1264.6714
11.356901	1266.6420
11.370321	1265.4044
11.383740	1259.6099
11.397159	1257.6523
11.410578	1258.5000
11.423998	1256.8747
11.437417	1254.9764
11.450836	1254.2912
11.464256	1252.9217
11.477675	1254.2967
11.491094	1249.0807
11.504514	1247.2055
11.517933	1252.6091
11.531352	1246.5520
11.544772	1249.8504
11.558191	1248.0180
11.571610	1249.2295
11.585029	1246.4365
11.598449	1249.0365
11.611868	1246.5184
11.625287	1241.1948
11.638707	1239.6115
11.652126	1240.2681
11.665545	1241.8035
11.678965	1243.1644
11.692384	1245.3301
11.705803	1251.3585
11.719223	1259.7327
11.732642	1265.5077
11.746061	1284.8865
11.759480	1302.2426
11.772900	1322.2943
11.786319	1337.6813
11.799738	1352.5354
11.813158	1341.5779
11.826577	1333.1772
11.839996	1317.5969
11.853416	1311.5493
11.866835	1298.9831
11.880254	1295.4710
11.893674	1289.6257
11.907093	1276.4836
11.920512	1272.7627
11.933931	1273.4991
11.947351	1268.9616
11.960770	1273.0639
11.974189	1279.4593
11.987609	1286.6879
12.001028	1302.6527
12.014447	1324.1705
12.027867	1360.4481
12.041286	1410.3263
12.054705	1483.9328
12.068125	1580.5922
12.081544	1691.9833
12.094963	1832.2685
12.108382	1948.8305
12.121802	2037.9659
12.135221	2055.0760
12.148640	1989.1372
12.162060	1874.7923
12.175479	1726.0075
12.188898	1583.3911
12.202318	1477.3308
12.215737	1410.9425
12.229156	1359.4317
12.242576	1329.2004
12.255995	1313.5174
12.269414	1307.6879
12.282833	1303.2254
12.296253	1310.3050
12.309672	1328.5147
12.323091	1363.5236
12.336511	1416.0588
12.349930	1490.8571
12.363349	1576.6648
12.376769	1666.1777
12.390188	1737.9761
12.403607	1762.8757
12.417026	1719.7671
12.430446	1636.0589
12.443865	1532.3613
12.457284	1435.3273
12.470704	1369.4357
12.484123	1325.9927
12.497542	1296.5258
12.510962	1279.4680
12.524381	1265.0830
12.537800	1256.4265
12.551220	1253.8414
12.564639	1248.8582
12.578058	1256.3015
12.591477	1251.1744
12.604897	1254.3269
12.618316	1250.4947
12.631735	1247.8297
12.645155	1252.2242
12.658574	1253.0686
12.671993	1254.1779
12.685413	1261.2442
12.698832	1265.4276
12.712251	1276.9338
12.725671	1292.3874
12.739090	1314.4837
12.752509	1351.3568
12.765928	1404.2439
12.779348	1480.6827
12.792767	1577.4336
12.806186	1675.2110
12.819606	1758.5194
12.833025	1784.6813
12.846444	1750.2378
12.859864	1664.8159
12.873283	1561.8750
12.886702	1463.4873
12.900122	1385.5719
12.913541	1331.4610
12.926960	1296.6112
12.940379	1276.0725
12.953799	1263.7116
12.967218	1259.1002
12.980637	1255.3628
12.994057	1260.4331
13.007476	1275.4027
13.020895	1284.5613
13.034315	1303.7789
13.047734	1333.1409
13.061153	1359.6795
13.074573	1393.4828
13.087992	1418.1419
13.101411	1447.2934
13.114830	1449.5813
13.128250	1445.2209
13.141669	1417.5059
13.155088	1382.2357
13.168508	1345.4793
13.181927	1311.1109
13.195346	1277.1844
13.208766	1255.4121
13.222185	1241.5035
13.235604	1232.5482
13.249024	1225.5694
13.262443	1220.9263
13.275862	1221.0182
13.289281	1225.5867
13.302701	1223.5465
13.316120	1223.4545
13.329539	1227.0124
13.342959	1224.6490
13.356378	1223.9748
13.369797	1217.8000
13.383217	1214.4037
13.396636	1213.6444
13.410055	1204.6115
13.423474	1199.8626
13.436894	1196.0714
13.450313	1193.2141
13.463732	1186.0034
13.477152	1179.4883
13.490571	1180.8761
13.503990	1181.2949
13.517410	1175.2305
13.530829	1178.3652
13.544248	1179.6205
13.557668	1173.8918
13.571087	1174.2529
13.584506	1171.8438
13.597925	1170.2767
13.611345	1172.5818
13.624764	1171.9719
13.638183	1175.1692
13.651603	1177.4573
13.665022	1178.7047
13.678441	1179.0591
13.691861	1176.8262
13.705280	1176.4841
13.718699	1181.4200
13.732119	1185.5244
13.745538	1195.8208
13.758957	1207.1840
13.772376	1230.9554
13.785796	1263.5532
13.799215	1309.8361
13.812634	1373.9922
13.826054	1441.2402
13.839473	1494.2508
13.852892	1517.5356
13.866312	1501.8883
13.879731	1452.9419
13.893150	1392.3772
13.906570	1345.0981
13.919989	1317.9454
13.933408	1314.6634
13.946827	1331.5541
13.960247	1355.5462
13.973666	1379.4265
13.987085	1388.1943
14.000505	1378.2377
14.013924	1346.8071
14.027343	1301.2895
14.040763	1261.3152
14.054182	1227.8328
14.067601	1205.8197
14.081021	1179.6587
14.094440	1168.9342
14.107859	1153.8443
14.121278	1146.9549
14.134698	1144.6901
14.148117	1135.5245
14.161536	1136.3672
14.174956	1137.3176
14.188375	1133.0648
14.201794	1128.9782
14.215214	1131.3192
14.228633	1130.3438
14.242052	1125.6927
14.255472	1124.3254
14.268891	1122.7576
14.282310	1119.0769
14.295729	1115.3022
14.309149	1112.0485
14.322568	1114.1182
14.335987	1113.9937
14.349407	1112.4201
14.362826	1111.5221
14.376245	1112.6656
14.389665	1109.0231
14.403084	1109.6228
14.416503	1108.9185
14.429922	1109.6832
14.443342	1110.9629
14.456761	1113.9564
14.470180	1117.2833
14.483600	1125.9722
14.497019	1132.2236
14.510438	1137.7347
14.523858	1138.8987
14.537277	1133.4364
14.550696	1131.2200
14.564116	1121.8632
14.577535	1116.3249
14.590954	1114.2277
14.604373	1114.6179
14.617793	1115.9940
14.631212	1126.8169
14.644631	1135.4277
14.658051	1150.4320
14.671470	1165.4602
14.684889	1182.6631
14.698309	1202.6571
14.711728	1213.4775
14.725147	1227.3631
14.738567	1241.3828
14.751986	1245.8363
14.765405	1243.3866
14.778824	1232.7922
14.792244	1208.1454
14.805663	1185.7786
14.819082	1171.7123
14.832502	1167.2387
14.845921	1168.7856
14.859340	1184.0699
14.872760	1194.0075
14.886179	1201.7231
14.899598	1199.9405
14.913018	1191.9446
14.926437	1173.6425
14.939856	1147.6939
14.953275	1135.4808
14.966695	1114.7988
14.980114	1102.4698
14.993533	1100.9096
15.006953	1100.4849
15.020372	1102.6964
15.033791	1108.2948
15.047211	1118.2058
15.060630	1134.1659
15.074049	1156.0791
15.087469	1177.4717
15.100888	1208.5217
15.114307	1232.0745
15.127726	1239.6154
15.141146	1241.6471
15.154565	1220.3072
15.167984	1190.9612
15.181404	1165.8140
15.194823	1139.8114
15.208242	1113.7725
15.221662	1099.0585
15.235081	1087.0399
15.248500	1078.4774
15.261920	1075.7888
15.275339	1071.7083
15.288758	1068.3638
15.302177	1068.7853
15.315597	1065.3255
15.329016	1065.6434
15.342435	1065.2390
15.355855	1065.0839
15.369274	1071.8721
15.382693	1073.5565
15.396113	1077.1105
15.409532	1085.2593
15.422951	1092.3034
15.436370	1099.0523
15.449790	1100.9163
15.463209	1094.8780
15.476628	1089.4751
15.490048	1088.9419
15.503467	1088.4278
15.516886	1087.0127
15.530306	1092.8578
15.543725	1091.7818
15.557144	1097.5490
15.570564	1111.3805
15.583983	1134.5035
15.597402	1163.5125
15.610821	1202.1583
15.624241	1250.1975
15.637660	1296.8020
15.651079	1326.0744
15.664499	1347.6763
15.677918	1351.9477
15.691337	1340.8895
15.704757	1335.0408
15.718176	1328.8894
15.731595	1330.2785
15.745015	1328.5902
15.758434	1317.9052
15.771853	1299.3425
15.785272	1280.8313
15.798692	1263.8715
15.812111	1269.1853
15.825530	1285.9401
15.838950	1313.4031
15.852369	1335.7123
15.865788	1341.6049
15.879208	1328.3333
15.892627	1291.1346
15.906046	1249.0042
15.919466	1211.0395
15.932885	1185.0027
15.946304	1177.3066
15.959723	1181.6542
15.973143	1197.6497
15.986562	1217.8776
15.999981	1240.3607
16.013401	1252.2109
16.026820	1250.9839
16.040239	1232.3888
16.053659	1204.3721
16.067078	1174.0866
16.080497	1153.9577
16.093917	1139.2849
16.107336	1132.0722
16.120755	1135.3000
16.134174	1143.5873
16.147594	1160.9622
16.161013	1180.2906
16.174432	1189.6325
16.187852	1195.8216
16.201271	1188.8129
16.214690	1188.5047
16.228110	1192.7101
16.241529	1209.1701
16.254948	1231.5734
16.268368	1264.3120
16.281787	1287.6880
16.295206	1298.1072
16.308625	1295.0767
16.322045	1280.8784
16.335464	1262.3781
16.348883	1241.1185
16.362303	1219.4151
16.375722	1198.0307
16.389141	1173.7778
16.402561	1151.1341
16.415980	1126.9728
16.429399	1109.4700
16.442818	1091.2840
16.456238	1083.0320
16.469657	1071.6941
16.483076	1067.6115
16.496496	1064.6511
16.509915	1060.4110
16.523334	1065.4258
16.536754	1065.3821
16.550173	1066.6875
16.563592	1076.8827
16.577012	1084.5558
16.590431	1092.6855
16.603850	1108.7945
16.617269	1126.5672
16.630689	1147.3073
16.644108	1165.4149
16.657527	1175.2506
16.670947	1172.2968
16.684366	1159.4697
16.697785	1143.2947
16.711205	1124.6266
16.724624	1104.5162
16.738043	1088.5962
16.751463	1074.5625
16.764882	1066.1463
16.778301	1063.0540
16.791720	1058.7592
16.805140	1056.2289
16.818559	1052.8520
16.831978	1050.2503
16.845398	1049.6434
16.858817	1051.6458
16.872236	1052.7761
16.885656	1054.4378
16.899075	1055.1472
16.912494	1061.0822
16.925914	1065.0229
16.939333	1065.7503
16.952752	1068.1813
16.966171	1069.1027
16.979591	1065.7069
16.993010	1065.6704
17.006429	1061.0544
17.019849	1059.2028
17.033268	1055.4439
17.046687	1050.4293
17.060107	1049.3426
17.073526	1055.9742
17.086945	1053.9381
17.100365	1051.4298
17.113784	1054.1267
17.127203	1056.5000
17.140622	1058.4555
17.154042	1067.0050
17.167461	1069.9529
17.180880	1077.0905
17.194300	1077.0652
17.207719	1079.9565
17.221138	1082.5433
17.234558	1089.3329
17.247977	1100.4650
17.261396	1117.8962
17.274816	1136.6919
17.288235	1159.1851
17.301654	1174.1500
17.315073	1183.1552
17.328493	1186.9231
17.341912	1175.9306
17.355331	1161.0840
17.368751	1151.0271
17.382170	1143.1691
17.395589	1135.4685
17.409009	1127.2469
17.422428	1120.8606
17.435847	1114.4116
17.449266	1110.3411
17.462686	1106.7122
17.476105	1107.8802
17.489524	1109.8592
17.502944	1107.7597
17.516363	1103.4326
17.529782	1098.1716
17.543202	1090.3297
17.556621	1084.4259
17.570040	1078.8063
17.583460	1074.6070
17.596879	1075.2020
17.610298	1076.1368
17.623717	1081.5409
17.637137	1082.9108
17.650556	1088.0000
17.663975	1093.9073
17.677395	1095.8730
17.690814	1099.6731
17.704233	1105.9939
17.717653	1115.9405
17.731072	1127.7938
17.744491	1145.8275
17.757911	1170.4101
17.771330	1206.3933
17.784749	1241.4817
17.798168	1270.3631
17.811588	1295.1344
17.825007	1297.0331
17.838426	1281.7642
17.851846	1262.8833
17.865265	1234.6345
17.878684	1212.5774
17.892104	1194.6915
17.905523	1179.1727
17.918942	1166.0747
17.932362	1148.7479
17.945781	1140.9232
17.959200	1138.5699
17.972619	1138.9333
17.986039	1143.6201
17.999458	1154.8333
18.012877	1161.1273
18.026297	1165.1115
18.039716	1164.2278
18.053135	1154.9255
18.066555	1146.4905
18.079974	1134.6982
18.093393	1133.1170
18.106813	1129.9377
18.120232	1126.3863
18.133651	1122.9824
18.147070	1113.9340
18.160490	1105.1921
18.173909	1098.8035
18.187328	1091.0534
18.200748	1084.9942
18.214167	1081.7253
18.227586	1077.3468
18.241006	1079.2216
18.254425	1077.9965
18.267844	1079.3177
18.281264	1082.0803
18.294683	1090.3211
18.308102	1094.7532
18.321521	1099.9408
18.334941	1107.9688
18.348360	1114.6392
18.361779	1120.7770
18.375199	1127.4437
18.388618	1133.5575
18.402037	1142.0784
18.415457	1147.6282
18.428876	1146.8855
18.442295	1143.7826
18.455714	1142.7158
18.469134	1138.7862
18.482553	1136.3499
18.495972	1137.7565
18.509392	1142.7025
18.522811	1146.2545
18.536230	1152.7662
18.549650	1159.7076
18.563069	1160.9253
18.576488	1152.8671
18.589908	1145.9954
18.603327	1128.2615
18.616746	1109.5559
18.630165	1097.4395
18.643585	1084.5406
18.657004	1076.1752
18.670423	1069.8714
18.683843	1064.1437
18.697262	1065.5531
18.710681	1059.6547
18.724101	1057.3322
18.737520	1056.1343
18.750939	1056.2440
18.764359	1054.9620
18.777778	1052.1242
18.791197	1051.3553
18.804616	1051.0067
18.818036	1051.9102
18.831455	1050.5397
18.844874	1048.3987
18.858294	1050.8571
18.871713	1047.0044
18.885132	1043.5159
18.898552	1045.8659
18.911971	1047.2986
18.925390	1049.2122
18.938810	1051.6583
18.952229	1053.5330
18.965648	1051.3843
18.979067	1056.1629
18.992487	1054.5050
19.005906	1060.5906
19.019325	1063.5188
19.032745	1071.8807
19.046164	1077.6444
19.059583	1079.1987
19.073003	1084.2897
19.086422	1082.5474
19.099841	1077.9459
19.113261	1076.2468
19.126680	1073.3074
19.140099	1066.9042
19.153518	1064.4559
19.166938	1064.8731
19.180357	1064.2492
19.193776	1070.0724
19.207196	1074.9319
19.220615	1086.8491
19.234034	1094.0977
19.247454	1103.3694
19.260873	1111.0043
19.274292	1109.6401
19.287712	1113.2098
19.301131	1111.1205
19.314550	1110.0265
19.327969	1115.8936
19.341389	1118.1004
19.354808	1118.4506
19.368227	1119.5815
19.381647	1115.7966
19.395066	1103.9904
19.408485	1094.5516
19.421905	1087.3500
19.435324	1085.6939
19.448743	1080.9101
19.462162	1067.4673
19.475582	1075.3660
19.489001	1081.4658
19.502420	1092.2115
19.515840	1104.8169
19.529259	1117.2722
19.542678	1128.3980
19.556098	1132.0933
19.569517	1127.0886
19.582936	1123.7027
19.596356	1111.9318
19.609775	1099.3268
19.623194	1087.1836
19.636613	1081.7046
19.650033	1078.1630
19.663452	1078.9561
19.676871	1077.3228
19.690291	1075.4652
19.703710	1079.7101
19.717129	1086.4563
19.730549	1089.0378
19.743968	1093.5635
19.757387	1101.3308
19.770807	1103.6253
19.784226	1104.9536
19.797645	1097.9566
19.811064	1087.2828
19.824484	1079.9296
19.837903	1071.8501
19.851322	1065.0817
19.864742	1063.3749
19.878161	1060.8482
19.891580	1061.5861
19.905000	1060.2543
19.918419	1063.5991
19.931838	1063.6745
19.945258	1064.4246
19.958677	1073.6451
19.972096	1080.7705
19.985515	1087.9094
19.998935	1088.6771
20.012354	1083.9612
20.025773	1076.6881
20.039193	1065.8535
20.052612	1055.0542
20.066031	1043.3155
20.079451	1033.8661
20.092870	1027.4087
20.106289	1024.3262
20.119709	1018.6353
20.133128	1013.3543
20.146547	1011.7332
20.159966	1009.7600
20.173386	1009.2057
20.186805	1004.1161
20.200224	1001.5719
20.213644	1006.7560
20.227063	1010.2467
20.240482	1009.2408
20.253902	1009.6188
20.267321	1011.5538
20.280740	1013.3484
20.294159	1018.0762
20.307579	1026.6701
20.320998	1035.0583
20.334417	1057.2850
20.347837	1072.7502
20.361256	1090.5994
20.374675	1101.6500
20.388095	1104.2974
20.401514	1099.9231
20.414933	1084.4980
20.428353	1067.8474
20.441772	1053.5978
20.455191	1038.5980
20.468610	1028.4171
20.482030	1021.0869
20.495449	1017.6590
20.508868	1015.5574
20.522288	1013.1451
20.535707	1008.1561
20.549126	1007.3768
20.562546	1002.7668
20.575965	998.68079
20.589384	998.28684
20.602804	999.27525
20.616223	994.97458
20.629642	991.99410
20.643061	991.91188
20.656481	987.36607
20.669900	983.20118
20.683319	981.62687
20.696739	980.51717
20.710158	980.54227
20.723577	980.47266
20.736997	978.45025
20.750416	975.79671
20.763835	975.92466
20.777255	973.34961
20.790674	974.08876
20.804093	973.35382
20.817512	976.16135
20.830932	974.95020
20.844351	974.35148
20.857770	977.14677
20.871190	979.70126
20.884609	985.47582
20.898028	990.23002
20.911448	994.14563
20.924867	996.44960
20.938286	1003.4841
20.951706	1005.8589
20.965125	1010.7620
20.978544	1009.5890
20.991963	1007.2555
21.005383	1003.5281
21.018802	1002.5619
21.032221	999.44069
21.045641	994.93762
21.059060	995.73237
21.072479	997.53582
21.085899	998.49575
21.099318	1002.3483
21.112737	1005.0955
21.126157	1003.3400
21.139576	1001.4317
21.152995	995.79905
21.166414	990.78613
21.179834	980.51791
21.193253	978.34976
21.206672	975.66572
21.220092	970.82403
21.233511	967.37899
21.246930	966.82638
21.260350	965.96496
21.273769	968.09331
21.287188	971.31801
21.300607	975.16919
21.314027	978.65238
21.327446	989.54013
21.340865	998.78069
21.354285	1009.0551
21.367704	1012.2495
21.381123	1015.4837
21.394543	1008.7802
21.407962	1001.7777
21.421381	992.46617
21.434801	984.16290
21.448220	980.46432
21.461639	975.69832
21.475058	971.76738
21.488478	967.86044
21.501897	964.55762
21.515316	961.38296
21.528736	960.65402
21.542155	960.62758
21.555574	959.96389
21.568994	958.00751
21.582413	961.02908
21.595832	966.28663
21.609252	972.02412
21.622671	977.33795
21.636090	985.81726
21.649509	995.70799
21.662929	1006.1515
21.676348	1022.2713
21.689767	1039.1661
21.703187	1055.7715
21.716606	1068.0506
21.730025	1078.8124
21.743445	1081.5783
21.756864	1077.1555
21.770283	1067.1178
21.783703	1053.1934
21.797122	1034.7256
21.810541	1016.4284
21.823960	997.45188
21.837380	983.62831
21.850799	974.38889
21.864218	963.80274
21.877638	954.63282
21.891057	948.51228
21.904476	942.39429
21.917896	935.64991
21.931315	930.53405
21.944734	929.82762
21.958154	924.30435
21.971573	918.33848
21.984992	916.07902
21.998411	915.34043
22.011831	912.68700
22.025250	910.60647
22.038669	907.02041
22.052089	905.12703
22.065508	901.95621
22.078927	901.42716
22.092347	902.14795
22.105766	902.12522
22.119185	904.55967
22.132605	904.67870
22.146024	909.24344
22.159443	914.46933
22.172862	916.96610
22.186282	917.07720
22.199701	916.83407
22.213120	911.67052
22.226540	907.82191
22.239959	901.15808
22.253378	893.66369
22.266798	889.34367
22.280217	885.09614
22.293636	883.07706
22.307055	881.97443
22.320475	885.20351
22.333894	886.88830
22.347313	888.33683
22.360733	893.03593
22.374152	895.80370
22.387571	896.18701
22.400991	894.90893
22.414410	891.87972
22.427829	884.60673
22.441249	877.77293
22.454668	873.93100
22.468087	870.68918
22.481506	866.27875
22.494926	866.39913
22.508345	865.97375
22.521764	866.82548
22.535184	866.18924
22.548603	866.87170
22.562022	865.03839
22.575442	862.28309
22.588861	860.94376
22.602280	864.09511
22.615700	866.06822
22.629119	864.46638
22.642538	861.05903
22.655957	857.85320
22.669377	853.38144
22.682796	848.43836
22.696215	845.80969
22.709635	845.39776
22.723054	846.88418
22.736473	846.08666
22.749893	846.91601
22.763312	846.89298
22.776731	845.47652
22.790151	840.65064
22.803570	835.78790
22.816989	831.48762
22.830408	830.61790
22.843828	827.47911
22.857247	824.80000
22.870666	820.53072
22.884086	811.26821
22.897505	805.80515
22.910924	800.46516
22.924344	798.81070
22.937763	795.11953
22.951182	792.06566
22.964602	789.63297
22.978021	786.51976
22.991440	782.40898
23.004859	780.84091
23.018279	780.03892
23.031698	775.69426
23.045117	772.88927
23.058537	766.09052
23.071956	763.45756
23.085375	760.56607
23.098795	759.06885
23.112214	756.98159
23.125633	755.02924
23.139053	752.70252
23.152472	751.39933
23.165891	747.55063
23.179310	745.54122
23.192730	746.26355
23.206149	746.29446
23.219568	743.75063
23.232988	742.47098
23.246407	743.70439
23.259826	743.21859
23.273246	743.81773
23.286665	745.72176
23.300084	743.43626
23.313503	742.59323
23.326923	745.31141
23.340342	745.25041
23.353761	745.81448
23.367181	744.93023
23.380600	741.49712
23.394019	735.53744
23.407439	731.85890
23.420858	730.42845
23.434277	726.93562
23.447697	726.08920
23.461116	722.72467
23.474535	721.95752
23.487954	720.46470
23.501374	721.11784
23.514793	720.36751
23.528212	721.40474
23.541632	721.74056
23.555051	724.23505
23.568470	720.40750
23.581890	717.94681
23.595309	713.48118
23.608728	711.10239
23.622148	709.29129
23.635567	706.83077
23.648986	702.47240
23.662405	700.63209
23.675825	701.19337
23.689244	701.07201
23.702663	701.74186
23.716083	699.03140
23.729502	699.62500
23.742921	698.89239
23.756341	697.39516
23.769760	692.52717
23.783179	689.16345
23.796599	684.91326
23.810018	680.75464
23.823437	676.58413
23.836856	673.92806
23.850276	672.41540
23.863695	670.57945
23.877114	669.13622
23.890534	667.94506
23.903953	666.10209
23.917372	666.03487
23.930792	665.93646
23.944211	665.66453
23.957630	664.15946
23.971050	663.34658
23.984469	664.30775
23.997888	663.99024
24.011307	661.67883
24.024727	662.54481
24.038146	661.34594
24.051565	660.54941
24.064985	657.93676
24.078404	656.28594
24.091823	654.39858
24.105243	652.39623
24.118662	652.62085
24.132081	649.77341
24.145501	647.56121
24.158920	647.95126
24.172339	647.43444
24.185758	645.85182
24.199178	645.32616
24.212597	644.58163
24.226016	647.41933
24.239436	647.46028
24.252855	647.07656
24.266274	648.81464
24.279694	648.15156
24.293113	652.01720
24.306532	654.94328
24.319951	658.85546
24.333371	659.86223
24.346790	660.25542
24.360209	660.31878
24.373629	660.08314
24.387048	658.72467
24.400467	658.45046
24.413887	656.28583
24.427306	653.55547
24.440725	651.01928
24.454145	649.62355
24.467564	650.99923
24.480983	651.23615
24.494402	654.79064
24.507822	659.40721
24.521241	661.51351
24.534660	663.46851
24.548080	662.01610
24.561499	658.48926
24.574918	651.74750
24.588338	644.77308
24.601757	641.13241
24.615176	636.29954
24.628596	632.57943
24.642015	630.20294
24.655434	628.77931
24.668853	625.39452
24.682273	624.13429
24.695692	623.32802
24.709111	621.92226
24.722531	622.60790
24.735950	621.44921
24.749369	621.70584
24.762789	622.08145
24.776208	622.53677
24.789627	620.79454
24.803047	620.28485
24.816466	619.82100
24.829885	618.54924
24.843304	618.07405
24.856724	617.62500
24.870143	617.37660
24.883562	618.90523
24.896982	617.80136
24.910401	618.79297
24.923820	620.95793
24.937240	622.73743
24.950659	624.07997
24.964078	624.50450
24.977498	624.45570
24.990917	621.69461
25.004336	620.43080
25.017755	618.32143
25.031175	615.64089
25.044594	615.23627
25.058013	615.46993
25.071433	619.36819
25.084852	620.86780
25.098271	621.84226
25.111691	626.67884
25.125110	629.07122
25.138529	629.24141
25.151949	633.20390
25.165368	633.40252
25.178787	629.95947
25.192206	628.94286
25.205626	623.73264
25.219045	620.90735
25.232464	618.71818
25.245884	618.72907
25.259303	621.05290
25.272722	621.01400
25.286142	620.25128
25.299561	622.16789
25.312980	623.59191
25.326399	621.41893
25.339819	618.37810
25.353238	615.50183
25.366657	614.81758
25.380077	613.27059
25.393496	613.29007
25.406915	610.89845
25.420335	609.01241
25.433754	608.03532
25.447173	607.04254
25.460593	604.81778
25.474012	605.32849
25.487431	604.13574
25.500850	604.02097
25.514270	602.80519
25.527689	605.14409
25.541108	605.60203
25.554528	605.43434
25.567947	605.36930
25.581366	607.82890
25.594786	610.43732
25.608205	613.23857
25.621624	616.00651
25.635044	616.66164
25.648463	619.89432
25.661882	618.51342
25.675301	616.58369
25.688721	614.66595
25.702140	610.54779
25.715559	607.81389
25.728979	603.85201
25.742398	602.54722
25.755817	601.96749
25.769237	600.22065
25.782656	599.17116
25.796075	599.19176
25.809495	601.63559
25.822914	602.26118
25.836333	602.42094
25.849752	602.70647
25.863172	599.56781
25.876591	599.48944
25.890010	597.49046
25.903430	596.74468
25.916849	597.37147
25.930268	598.29478
25.943688	597.26379
25.957107	597.24157
25.970526	595.30850
25.983946	595.99719
25.997365	596.21705
26.010784	595.48031
26.024203	593.64909
26.037623	592.57663
26.051042	591.78852
26.064461	592.05315
26.077881	592.95716
26.091300	592.00140
26.104719	591.63489
26.118139	592.06408
26.131558	591.99376
26.144977	593.66319
26.158397	595.41303
26.171816	596.70035
26.185235	597.07462
26.198654	595.51934
26.212074	595.66228
26.225493	594.34096
26.238912	591.00834
26.252332	589.56306
26.265751	587.91436
26.279170	587.02641
26.292590	587.22908
26.306009	586.27373
26.319428	586.85497
26.332847	586.24983
26.346267	586.00620
26.359686	585.89524
26.373105	585.00204
26.386525	584.08156
26.399944	582.98970
26.413363	582.12491
26.426783	582.71034
26.440202	581.80233
26.453621	581.15337
26.467041	582.15243
26.480460	581.40068
26.493879	581.35238
26.507298	580.74605
26.520718	578.73006
26.534137	579.32925
26.547556	578.57671
26.560976	581.72715
26.574395	581.59035
26.587814	582.03134
26.601234	581.23537
26.614653	584.03374
26.628072	583.73663
26.641492	586.04404
26.654911	587.13861
26.668330	586.84853
26.681749	586.72813
26.695169	586.87938
26.708588	586.96768
26.722007	588.34675
26.735427	591.26752
26.748846	593.47047
26.762265	593.15663
26.775685	591.21672
26.789104	591.03492
26.802523	591.18859
26.815943	589.22606
26.829362	586.62583
26.842781	586.22505
26.856200	587.98470
26.869620	585.71667
26.883039	583.61126
26.896458	583.32074
26.909878	583.69261
26.923297	581.91838
26.936716	581.11925
26.950136	581.79787
26.963555	583.29098
26.976974	583.04570
26.990394	586.58605
27.003813	588.41161
27.017232	590.70113
27.030651	593.01314
27.044071	593.88146
27.057490	592.38020
27.070909	590.90951
27.084329	588.28600
27.097748	587.36089
27.111167	585.05894
27.124587	584.10336
27.138006	582.82609
27.151425	583.77324
27.164845	584.58175
27.178264	581.75230
27.191683	583.17485
27.205102	585.76528
27.218522	588.53377
27.231941	590.29053
27.245360	590.94358
27.258780	591.94792
27.272199	589.86220
27.285618	590.20950
27.299038	590.34971
27.312457	590.25097
27.325876	588.23850
27.339295	589.12799
27.352715	590.71058
27.366134	589.90244
27.379553	589.88723
27.392973	589.29221
27.406392	588.56432
27.419811	584.74374
27.433231	580.72172
27.446650	578.17257
27.460069	573.64981
27.473489	572.12411
27.486908	570.46645
27.500327	568.06722
27.513746	564.87902
27.527166	563.87029
27.540585	561.62861
27.554004	560.47123
27.567424	559.63919
27.580843	559.18024
27.594262	558.45285
27.607682	558.18530
27.621101	556.76582
27.634520	555.94151
27.647940	556.91338
27.661359	556.37619
27.674778	555.56971
27.688197	555.83143
27.701617	553.97778
27.715036	554.39277
27.728455	553.75664
27.741875	552.65846
27.755294	552.92322
27.768713	553.26591
27.782133	554.65041
27.795552	553.37469
27.808971	552.97100
27.822391	556.34383
27.835810	558.71672
27.849229	560.16970
27.862648	561.14831
27.876068	563.50913
27.889487	566.16583
27.902906	567.85276
27.916326	569.07267
27.929745	569.30976
27.943164	566.74875
27.956584	564.91176
27.970003	563.81407
27.983422	561.63608
27.996842	562.10849
28.010261	563.44103
28.023680	561.52384
28.037099	561.25636
28.050519	559.83292
28.063938	556.62601
28.077357	554.87219
28.090777	551.84985
28.104196	549.68785
28.117615	547.66316
28.131035	546.67764
28.144454	546.44007
28.157873	544.85318
28.171293	543.97347
28.184712	543.42663
28.198131	544.62485
28.211550	543.75788
28.224970	543.82092
28.238389	544.88698
28.251808	544.13219
28.265228	544.13598
28.278647	542.89988
28.292066	541.37500
28.305486	540.83212
28.318905	540.64268
28.332324	540.28476
28.345743	541.97117
28.359163	542.79136
28.372582	541.27995
28.386001	541.60703
28.399421	540.65003
28.412840	538.84131
28.426259	537.79018
28.439679	534.93026
28.453098	533.03780
28.466517	531.57841
28.479937	529.44017
28.493356	528.53814
28.506775	525.88815
28.520194	524.84815
28.533614	524.70688
28.547033	525.67027
28.560452	523.96024
28.573872	523.77357
28.587291	523.50361
28.600710	523.96948
28.614130	524.42909
28.627549	525.42866
28.640968	525.09964
28.654388	525.80420
28.667807	525.23413
28.681226	524.62389
28.694645	522.42064
28.708065	521.12986
28.721484	521.38619
28.734903	521.31445
28.748323	521.26441
28.761742	519.72265
28.775161	520.72309
28.788581	520.06265
28.802000	519.88849
28.815419	518.78563
28.828839	517.86785
28.842258	518.90974
28.855677	520.93203
28.869096	521.66845
28.882516	522.24546
28.895935	524.67742
28.909354	524.17389
28.922774	526.44885
28.936193	524.68163
28.949612	524.10864
28.963032	524.48389
28.976451	521.89777
28.989870	519.99416
29.003290	517.06075
29.016709	515.85538
29.030128	514.85930
29.043547	512.58947
29.056967	513.33645
29.070386	512.76307
29.083805	512.81776
29.097225	512.38815
29.110644	513.02865
29.124063	512.85125
29.137483	512.20058
29.150902	512.00643
29.164321	514.70513
29.177741	515.13356
29.191160	514.92361
29.204579	516.31533
29.217998	515.72496
29.231418	514.90104
29.244837	514.08391
29.258256	514.84134
29.271676	513.18621
29.285095	513.37378
29.298514	511.55523
29.311934	509.34917
29.325353	508.77286
29.338772	508.59075
29.352191	509.80345
29.365611	509.71932
29.379030	511.52131
29.392449	511.38758
29.405869	511.71241
29.419288	512.40932
29.432707	510.43883
29.446127	510.46827
29.459546	507.67105
29.472965	506.59081
29.486385	504.79381
29.499804	504.06534
29.513223	501.56737
29.526642	501.81385
29.540062	501.90045
29.553481	501.09209
29.566900	498.14124
29.580320	498.05302
29.593739	498.19831
29.607158	497.98074
29.620578	499.45130
29.633997	499.41298
29.647416	498.19808
29.660836	498.22859
29.674255	498.44575
29.687674	497.61590
29.701093	497.10809
29.714513	496.81910
29.727932	497.10851
29.741351	496.02589
29.754771	495.76209
29.768190	496.36232
29.781609	496.33984
29.795029	495.44488
29.808448	495.50195
29.821867	492.78643
29.835287	492.27660
29.848706	492.00279
29.862125	491.51002
29.875544	490.79420
29.888964	488.68124
29.902383	487.63237
29.915802	487.30151
29.929222	486.16722
29.942641	485.17034
29.956060	484.53127
29.969480	483.05498
29.982899	481.91342
29.996318	481.84126
30.009738	483.48156
30.023157	483.95256
30.036576	482.89753
30.049995	482.21417
30.063415	481.30071
30.076834	480.79528
30.090253	479.43425
30.103673	479.58320
30.117092	480.97657
30.130511	481.23581
30.143931	478.72603
30.157350	479.15599
30.170769	479.27823
30.184189	478.46846
30.197608	477.07272
30.211027	477.01143
30.224446	474.78405
30.237866	474.51126
30.251285	473.68461
30.264704	474.08279
30.278124	475.79935
30.291543	473.02524
30.304962	473.00806
30.318382	473.83615
30.331801	474.98315
30.345220	474.06369
30.358639	474.76835
30.372059	474.74973
30.385478	474.71154
30.398897	475.94546
30.412317	474.59609
30.425736	474.92842
30.439155	476.28656
30.452575	477.45643
30.465994	478.06525
30.479413	478.86545
30.492833	478.73871
30.506252	478.41760
30.519671	477.31938
30.533090	477.03981
30.546510	475.52151
30.559929	472.84013
30.573348	472.51208
30.586768	470.63902
30.600187	469.37241
30.613606	468.94698
30.627026	468.51998
30.640445	470.12625
30.653864	469.70000
30.667284	469.52922
30.680703	469.25675
30.694122	468.14580
30.707541	468.11117
30.720961	466.37131
30.734380	465.37335
30.747799	463.58475
30.761219	463.90637
30.774638	464.66386
30.788057	463.78897
30.801477	464.19508
30.814896	462.56072
30.828315	461.02183
30.841735	459.95965
30.855154	458.73030
30.868573	457.29786
30.881992	456.02906
30.895412	454.27743
30.908831	453.31719
30.922250	453.04318
30.935670	452.46049
30.949089	450.68586
30.962508	450.76617
30.975928	450.55287
30.989347	450.22699
31.002766	449.88257
31.016186	450.70188
31.029605	449.29548
31.043024	449.31918
31.056443	447.59202
31.069863	448.37250
31.083282	447.42850
31.096701	447.41675
31.110121	447.63169
31.123540	447.42412
31.136959	446.80205
31.150379	446.67630
31.163798	447.14447
31.177217	445.71105
31.190637	445.19865
31.204056	443.70917
31.217475	442.85347
31.230894	443.07290
31.244314	443.53138
31.257733	443.21443
31.271152	441.21450
31.284572	440.17296
31.297991	441.51605
31.311410	440.03050
31.324830	440.21432
31.338249	441.25115
31.351668	441.29424
31.365087	439.48381
31.378507	438.73014
31.391926	439.56008
31.405345	440.26100
31.418765	438.75841
31.432184	438.62892
31.445603	438.94436
31.459023	438.52980
31.472442	438.94483
31.485861	438.76625
31.499281	439.08759
31.512700	439.25971
31.526119	440.19428
31.539538	439.40495
31.552958	438.12425
31.566377	438.79657
31.579796	439.25600
31.593216	439.21382
31.606635	439.11502
31.620054	438.42400
31.633474	439.29935
31.646893	439.16111
31.660312	439.25000
31.673732	439.74764
31.687151	438.94276
31.700570	440.12892
31.713989	439.92262
31.727409	438.04627
31.740828	438.37031
31.754247	437.72866
31.767667	438.81206
31.781086	438.94894
31.794505	438.22573
31.807925	439.00148
31.821344	437.57612
31.834763	436.94350
31.848183	435.64973
31.861602	434.81085
31.875021	433.43442
31.888440	433.42483
31.901860	432.40473
31.915279	430.92116
31.928698	430.97124
31.942118	430.85470
31.955537	430.76000
31.968956	431.98332
31.982376	432.46434
31.995795	432.73175
32.009214	433.18098
32.022634	434.80451
32.036053	435.85417
32.049472	434.88382
32.062891	434.98245
32.076311	433.77424
32.089730	433.45012
32.103149	433.70731
32.116569	432.76916
32.129988	430.13669
32.143407	429.85207
32.156827	428.88602
32.170246	427.66779
32.183665	428.07057
32.197085	428.26548
32.210504	427.72798
32.223923	427.46364
32.237342	429.74504
32.250762	429.12832
32.264181	430.46042
32.277600	430.27815
32.291020	431.37844
32.304439	431.16961
32.317858	429.26828
32.331278	429.69338
32.344697	429.36142
32.358116	428.27956
32.371535	427.76166
32.384955	427.77059
32.398374	426.88462
32.411793	427.27433
32.425213	426.80832
32.438632	426.12267
32.452051	425.70128
32.465471	426.14799
32.478890	424.51564
32.492309	424.81797
32.505729	424.92019
32.519148	425.63009
32.532567	426.67142
32.545986	426.48435
32.559406	426.40323
32.572825	427.27940
32.586244	427.28380
32.599664	427.19796
32.613083	425.94024
32.626502	427.13440
32.639922	426.01174
32.653341	424.55671
32.666760	424.06863
32.680180	423.31649
32.693599	423.46859
32.707018	422.77526
32.720437	422.31628
32.733857	421.56007
32.747276	421.47409
32.760695	422.61423
32.774115	421.61953
32.787534	422.28968
32.800953	423.34366
32.814373	423.07569
32.827792	423.05121
32.841211	422.45561
32.854631	423.35828
32.868050	423.95987
32.881469	425.15097
32.894888	424.49815
32.908308	425.82723
32.921727	425.36376
32.935146	424.96798
32.948566	425.04024
32.961985	426.07835
32.975404	425.34956
32.988824	425.45575
33.002243	425.85034
33.015662	424.92129
33.029082	423.79486
33.042501	424.38643
33.055920	422.18690
33.069339	422.92920
33.082759	423.34282
33.096178	421.73747
33.109597	421.41017
33.123017	421.73511
33.136436	421.61458
33.149855	422.04568
33.163275	422.26916
33.176694	422.19873
33.190113	421.89500
33.203532	422.42301
33.216952	422.16644
33.230371	421.08636
33.243790	421.83055
33.257210	421.68716
33.270629	422.30979
33.284048	422.82652
33.297468	422.51000
33.310887	422.97581
33.324306	422.20664
33.337726	421.35234
33.351145	420.57708
33.364564	421.07927
33.377983	421.27538
33.391403	421.66157
33.404822	420.95103
33.418241	419.84173
33.431661	419.27006
33.445080	418.70889
33.458499	418.47445
33.471919	417.70815
33.485338	418.84840
33.498757	417.98074
33.512177	415.96587
33.525596	415.77608
33.539015	415.50979
33.552434	415.51690
33.565854	414.34874
33.579273	414.56916
33.592692	414.63705
33.606112	414.80644
33.619531	414.76814
33.632950	416.22350
33.646370	415.45389
33.659789	415.19640
33.673208	414.36262
33.686628	413.21272
33.700047	413.42422
33.713466	411.84673
33.726885	412.69227
33.740305	413.91988
33.753724	413.66067
33.767143	413.69037
33.780563	413.80845
33.793982	414.21839
33.807401	414.35393
33.820821	414.01537
33.834240	414.59895
33.847659	414.48995
33.861079	413.88957
33.874498	415.07592
33.887917	414.56967
33.901336	413.68306
33.914756	413.88374
33.928175	413.61036
33.941594	412.01516
33.955014	411.07645
33.968433	410.68519
33.981852	410.47904
33.995272	410.22780
34.008691	410.90004
34.022110	411.75673
34.035530	410.44012
34.048949	410.11145
34.062368	410.31196
34.075787	409.50304
34.089207	409.40129
34.102626	409.36974
34.116045	407.33009
34.129465	407.46895
34.142884	408.98400
34.156303	408.34489
34.169723	406.99445
34.183142	406.07245
34.196561	406.49829
34.209980	408.14400
34.223400	408.02403
34.236819	407.55494
34.250238	407.56122
34.263658	407.28814
34.277077	408.69775
34.290496	406.99788
34.303916	407.16252
34.317335	407.51907
34.330754	406.85040
34.344174	404.72244
34.357593	404.74050
34.371012	404.48061
34.384431	403.21900
34.397851	403.47801
34.411270	403.03023
34.424689	403.36820
34.438109	402.96984
34.451528	401.46851
34.464947	400.27460
34.478367	401.45631
34.491786	401.23566
34.505205	401.27030
34.518625	402.08295
34.532044	401.86192
34.545463	399.91820
34.558882	399.13960
34.572302	400.52592
34.585721	399.43176
34.599140	399.43747
34.612560	399.71649
34.625979	399.06841
34.639398	398.90560
34.652818	398.69809
34.666237	399.50840
34.679656	399.27630
34.693076	396.58416
34.706495	397.75125
34.719914	396.17271
34.733333	397.79457
34.746753	398.14446
34.760172	396.95258
34.773591	396.95640
34.787011	396.47234
34.800430	395.17230
34.813849	395.35635
34.827269	396.09423
34.840688	395.41516
34.854107	395.04943
34.867527	395.61763
34.880946	394.24980
34.894365	394.26387
34.907784	394.40214
34.921204	394.07774
34.934623	394.72374
34.948042	395.29640
34.961462	393.97018
34.974881	393.80049
34.988300	394.21190
35.001720	394.37889
35.015139	394.71307
35.028558	394.25641
35.041978	394.82490
35.055397	395.09775
35.068816	394.37281
35.082235	394.70097
35.095655	393.91548
35.109074	393.40949
35.122493	392.75051
35.135913	392.58199
35.149332	392.31502
35.162751	390.80842
35.176171	391.69976
35.189590	392.58337
35.203009	390.23668
35.216428	389.29329
35.229848	390.55248
35.243267	390.37740
35.256686	389.58821
35.270106	389.67450
35.283525	388.77152
35.296944	388.38789
35.310364	386.91513
35.323783	386.32288
35.337202	387.12998
35.350622	387.94922
35.364041	387.42434
35.377460	387.47645
35.390879	386.61971
35.404299	386.06232
35.417718	386.29762
35.431137	386.13060
35.444557	386.57811
35.457976	385.69821
35.471395	385.72209
35.484815	384.91697
35.498234	385.16758
35.511653	385.94955
35.525073	384.77991
35.538492	384.85267
35.551911	385.21051
35.565330	385.11653
35.578750	384.30547
35.592169	383.67084
35.605588	382.54485
35.619008	382.64935
35.632427	381.97013
35.645846	381.85630
35.659266	380.39218
35.672685	379.38036
35.686104	379.87750
35.699524	379.84072
35.712943	380.01518
35.726362	379.88295
35.739781	378.21694
35.753201	378.00466
35.766620	379.69887
35.780039	378.15689
35.793459	378.28878
35.806878	378.67935
35.820297	376.74837
35.833717	377.23660
35.847136	376.15247
35.860555	376.77158
35.873975	377.51018
35.887394	376.64781
35.900813	376.66474
35.914232	375.84565
35.927652	376.15139
35.941071	375.06083
35.954490	374.64968
35.967910	375.14052
35.981329	374.71681
35.994748	374.22300
36.008168	374.34990
36.021587	373.61971
36.035006	373.02934
36.048426	374.68564
36.061845	374.13706
36.075264	374.79576
36.088683	374.27447
36.102103	373.02073
36.115522	373.29124
36.128941	372.46122
36.142361	372.57007
36.155780	372.53837
36.169199	372.05485
36.182619	371.00722
36.196038	370.84175
36.209457	371.37003
36.222876	370.97948
36.236296	372.42691
36.249715	371.90558
36.263134	371.26360
36.276554	371.13640
36.289973	370.75474
36.303392	371.79963
36.316812	370.48054
36.330231	370.67055
36.343650	369.75622
36.357070	369.66541
36.370489	370.74029
36.383908	369.54125
36.397327	369.17539
36.410747	368.30053
36.424166	367.98051
36.437585	368.12081
36.451005	366.55680
36.464424	367.13236
36.477843	366.79687
36.491263	366.46386
36.504682	366.52582
36.518101	365.99741
36.531521	365.49981
36.544940	366.02269
36.558359	365.67929
36.571778	366.57331
36.585198	366.79540
36.598617	367.15382
36.612036	365.61931
36.625456	364.70935
36.638875	364.11429
36.652294	364.58986
36.665714	364.90237
36.679133	364.66962
36.692552	365.00073
36.705972	365.42524
36.719391	364.56319
36.732810	364.79369
36.746229	364.04984
36.759649	362.46165
36.773068	362.14151
36.786487	362.77961
36.799907	362.30062
36.813326	361.63282
36.826745	361.34809
36.840165	361.15949
36.853584	360.41777
36.867003	360.27915
36.880423	360.25998
36.893842	360.45760
36.907261	360.07405
36.920680	358.32487
36.934100	358.02247
36.947519	357.99571
36.960938	357.36989
36.974358	359.32360
36.987777	359.23974
37.001196	359.03024
37.014616	358.40755
37.028035	357.91881
37.041454	358.66402
37.054874	358.42935
37.068293	356.41451
37.081712	354.59771
37.095131	355.41956
37.108551	356.33502
37.121970	356.74520
37.135389	355.56895
37.148809	354.20086
37.162228	354.97456
37.175647	354.68133
37.189067	354.10425
37.202486	353.45387
37.215905	353.66987
37.229324	353.65444
37.242744	354.40458
37.256163	353.30930
37.269582	352.42331
37.283002	352.71869
37.296421	352.16679
37.309840	350.82691
37.323260	351.71589
37.336679	350.80946
37.350098	350.58622
37.363518	350.54262
37.376937	349.99791
37.390356	350.61428
37.403775	350.11367
37.417195	349.36211
37.430614	350.13190
37.444033	350.30769
37.457453	351.49859
37.470872	350.69880
37.484291	350.33872
37.497711	349.83357
37.511130	348.42757
37.524549	349.89481
37.537969	349.84323
37.551388	348.84722
37.564807	349.54523
37.578226	350.30807
37.591646	348.95404
37.605065	349.07634
37.618484	348.90385
37.631904	347.26096
37.645323	347.08480
37.658742	346.79197
37.672162	347.94370
37.685581	347.29699
37.699000	347.63109
37.712420	348.23821
37.725839	347.11470
37.739258	347.39192
37.752677	345.50828
37.766097	345.36540
37.779516	345.32121
37.792935	344.48063
37.806355	343.89797
37.819774	343.51765
37.833193	342.95588
37.846613	342.45284
37.860032	341.92823
37.873451	341.48822
37.886871	341.65531
37.900290	341.42931
37.913709	342.66394
37.927128	341.65782
37.940548	339.27857
37.953967	339.45855
37.967386	339.54964
37.980806	338.70604
37.994225	338.62239
38.007644	336.47947
38.021064	337.11088
38.034483	337.27728
38.047902	336.18486
38.061322	336.46118
38.074741	336.49254
38.088160	336.17919
38.101579	336.38941
38.114999	335.61036
38.128418	334.32261
38.141837	334.50116
38.155257	334.06660
38.168676	334.22485
38.182095	333.33687
38.195515	333.93914
38.208934	334.52619
38.222353	333.91174
38.235772	332.72598
38.249192	332.86782
38.262611	332.94807
38.276030	332.86983
38.289450	332.13985
38.302869	331.09960
38.316288	331.04770
38.329708	329.17137
38.343127	329.69341
38.356546	329.89924
38.369966	328.93823
38.383385	329.34184
38.396804	329.20665
38.410223	329.50049
38.423643	329.41393
38.437062	328.18286
38.450481	327.44590
38.463901	328.19204
38.477320	328.89801
38.490739	329.81724
38.504159	328.59954
38.517578	326.99638
38.530997	327.38043
38.544417	328.15055
38.557836	329.38602
38.571255	328.46373
38.584674	327.87822
38.598094	327.53443
38.611513	327.40189
38.624932	326.66319
38.638352	326.48407
38.651771	325.20195
38.665190	324.78041
38.678610	324.19967
38.692029	323.47762
38.705448	323.01261
38.718868	323.27054
38.732287	324.83676
38.745706	324.38715
38.759125	323.47682
38.772545	322.80279
38.785964	323.33450
38.799383	322.60334
38.812803	321.40627
38.826222	322.28925
38.839641	321.31232
38.853061	321.76540
38.866480	322.32808
38.879899	321.51094
38.893319	321.90964
38.906738	321.86797
38.920157	320.89324
38.933576	321.06660
38.946996	319.59011
38.960415	319.74664
38.973834	318.26131
38.987254	318.39665
39.000673	317.70663
39.014092	317.50270
39.027512	318.14881
39.040931	317.42576
39.054350	316.86416
39.067770	316.07637
39.081189	315.50836
39.094608	314.81602
39.108027	314.09145
39.121447	312.95749
39.134866	312.31134
39.148285	311.59740
39.161705	311.55180
39.175124	310.10069
39.188543	309.13866
39.201963	308.82643
39.215382	307.56464
39.228801	307.30069
39.242220	306.33868
39.255640	305.22482
39.269059	304.50203
39.282478	302.78300
39.295898	302.62893
39.309317	302.40624
39.322736	301.66740
39.336156	300.53475
39.349575	298.63372
39.362994	297.09727
39.376414	296.20250
39.389833	295.47744
39.403252	293.08555
39.416671	292.04756
39.430091	290.63227
39.443510	290.46656
39.456929	288.64366
39.470349	287.63645
39.483768	284.33630
39.497187	283.11011
39.510607	281.58724
39.524026	281.17941
39.537445	278.99386
39.550865	277.62979
39.564284	277.06018
39.577703	274.95291
39.591122	274.46685
39.604542	274.22182
39.617961	271.50428
39.631380	270.26438
39.644800	270.38545
39.658219	268.03673
39.671638	266.67450
39.685058	265.83379
39.698477	264.13842
39.711896	262.07269
39.725316	261.17363
39.738735	261.54486
39.752154	258.83046
39.765573	256.32457
39.778993	256.27557
39.792412	254.99456
39.805831	253.37602
39.819251	252.31289
39.832670	251.43902
39.846089	249.41470
39.859509	248.22053
39.872928	246.18185
39.886347	245.16536
39.899767	244.07596
39.913186	242.39881
39.926605	241.13912
39.940024	239.40244
39.953444	237.30324
39.966863	235.63215
39.980282	234.82941
39.993702	233.58272
40.007121	231.35410
40.020540	230.71714
40.033960	229.58252
40.047379	226.52496
40.060798	225.16756
40.074218	225.33324
40.087637	222.62195
40.101056	220.62962
40.114475	221.77107
40.127895	217.95646
40.141314	216.04237
40.154733	217.22947
40.168153	214.12415
40.181572	211.43833
40.194991	211.27143
40.208411	209.17524
40.221830	206.78266
40.235249	207.53229
40.248668	203.33948
40.262088	201.98669
40.275507	203.42069
40.288926	200.17602
40.302346	197.53192
40.315765	198.12745
40.329184	195.55624
40.342604	191.98476
40.356023	192.15526
40.369442	188.96988
40.382862	188.87798
40.396281	187.83756
40.409700	185.06201
40.423119	184.08786
40.436539	183.72955
40.449958	179.81109
40.463377	178.70732
40.476797	177.38084
40.490216	174.97356
40.503635	175.20350
40.517055	172.63010
40.530474	168.92310
40.543893	169.15791
40.557313	167.13811
40.570732	164.55678
40.584151	163.61028
40.597570	160.72251
40.610990	157.90757
40.624409	158.29183
40.637828	155.63365
40.651248	152.26588
40.664667	153.09727
40.678086	148.99800
40.691506	146.86575
40.704925	147.72755
40.718344	143.60466
40.731764	142.37912
40.745183	140.78990
40.758602	136.43499
40.772021	136.09535
40.785441	133.05581
40.798860	130.20502
40.812279	129.35108
40.825699	125.82398
40.839118	123.15444
40.852537	124.16657
40.865957	118.79454
40.879376	115.57528
40.892795	116.24529
40.906215	110.86982
40.919634	109.33576
40.933053	106.78663
40.946472	102.55512
40.959892	102.35752
40.973311	98.813147
40.986730	94.212206
41.000150	93.432164
41.013569	89.760571
41.026988	84.584990
41.040408	85.642033
41.053827	79.312518
41.067246	76.955752
41.080666	74.238332
41.094085	69.385303
41.107504	67.955592
41.120923	63.298056
41.134343	57.880468
41.147762	57.199345
41.161181	51.086680
41.174601	47.031865
41.188020	44.486516
41.201439	38.293890
41.214859	35.981395
41.228278	29.678924
41.241697	21.712071
41.255116	14.882129
41.268536	3.3889359
41.281955	0.0000000
41.295374	0.0000000
41.308794	0.0000000
41.322213	0.0000000
41.335632	0.0000000
41.349052	0.0000000
41.362471	0.0000000
41.375890	0.0000000
41.389310	0.0000000
41.402729	0.0000000
41.416148	0.0000000
41.429567	0.0000000
41.442987	0.0000000
41.456406	0.0000000
41.469825	0.0000000
41.483245	0.0000000
41.496664	0.0000000
41.510083	0.0000000
41.523503	0.0000000
41.536922	0.0000000
41.550341	0.0000000
41.563761	0.0000000
41.577180	0.0000000
41.590599	0.0000000
41.604018	0.0000000
41.617438	0.0000000
41.630857	0.0000000
41.644276	0.0000000
41.657696	0.0000000
41.671115	0.0000000
41.684534	0.0000000
41.697954	0.0000000
41.711373	0.0000000
41.724792	0.0000000
41.738212	0.0000000
41.751631	0.0000000
41.765050	0.0000000
41.778469	0.0000000
41.791889	0.0000000
41.805308	0.0000000
41.818727	0.0000000
41.832147	0.0000000
41.845566	0.0000000
41.858985	0.0000000
41.872405	0.0000000
41.885824	0.0000000
41.899243	0.0000000
41.912663	0.0000000
41.926082	0.0000000
41.939501	0.0000000
41.952920	0.0000000
41.966340	0.0000000
41.979759	0.0000000
41.993178	0.0000000
42.006598	0.0000000
42.020017	0.0000000
42.033436	0.0000000
42.046856	0.0000000
42.060275	0.0000000
42.073694	0.0000000
42.087114	0.0000000
42.100533	0.0000000
42.113952	0.0000000
42.127371	0.0000000
42.140791	0.0000000
42.154210	0.0000000
42.167629	0.0000000
42.181049	0.0000000
42.194468	0.0000000
42.207887	0.0000000
42.221307	0.0000000
42.234726	0.0000000
42.248145	0.0000000
42.261564	0.0000000
42.274984	0.0000000
42.288403	0.0000000
42.301822	0.0000000
42.315242	0.0000000
42.328661	0.0000000
42.342080	0.0000000
42.355500	0.0000000
42.368919	0.0000000
42.382338	0.0000000
42.395758	0.0000000
42.409177	0.0000000
42.422596	0.0000000
42.436015	0.0000000
42.449435	0.0000000
42.462854	0.0000000
42.476273	0.0000000
42.489693	0.0000000
42.503112	0.0000000
42.516531	0.0000000
42.529951	0.0000000
42.543370	0.0000000
42.556789	0.0000000
42.570209	0.0000000
42.583628	0.0000000
42.597047	0.0000000
42.610466	0.0000000
42.623886	0.0000000
42.637305	0.0000000
42.650724	0.0000000
42.664144	0.0000000
42.677563	0.0000000
42.690982	0.0000000
42.704402	0.0000000
42.717821	0.0000000
42.731240	0.0000000
42.744660	0.0000000
42.758079	0.0000000
42.771498	0.0000000
42.784917	0.0000000
42.798337	0.0000000
42.811756	0.0000000
42.825175	0.0000000
42.838595	0.0000000
42.852014	0.0000000
42.865433	0.0000000
42.878853	0.0000000
42.892272	0.0000000
42.905691	0.0000000
42.919111	0.0000000
42.932530	0.0000000
42.945949	0.0000000
42.959368	0.0000000
42.972788	0.0000000
42.986207	0.0000000
42.999626	0.0000000
43.013046	0.0000000
43.026465	0.0000000
43.039884	0.0000000
43.053304	0.0000000
43.066723	0.0000000
43.080142	0.0000000
43.093562	0.0000000
43.106981	0.0000000
43.120400	0.0000000
43.133819	0.0000000
43.147239	0.0000000
43.160658	0.0000000
43.174077	0.0000000
43.187497	0.0000000
43.200916	0.0000000
43.214335	0.0000000
43.227755	0.0000000
43.241174	0.0000000
43.254593	0.0000000
43.268012	0.0000000
43.281432	0.0000000
43.294851	0.0000000
43.308270	0.0000000
43.321690	0.0000000
43.335109	0.0000000
43.348528	0.0000000
43.361948	0.0000000
43.375367	0.0000000
43.388786	0.0000000
43.402206	0.0000000
43.415625	0.0000000
43.429044	0.0000000
43.442463	0.0000000
43.455883	0.0000000
43.469302	0.0000000
43.482721	0.0000000
43.496141	0.0000000
43.509560	0.0000000
43.522979	0.0000000
43.536399	0.0000000
43.549818	0.0000000
43.563237	0.0000000
43.576657	0.0000000
43.590076	0.0000000
43.603495	0.0000000
43.616914	0.0000000
43.630334	0.0000000
43.643753	0.0000000
43.657172	0.0000000
43.670592	0.0000000
43.684011	0.0000000
43.697430	0.0000000
43.710850	0.0000000
43.724269	0.0000000
43.737688	0.0000000
43.751108	0.0000000
43.764527	0.0000000
43.777946	0.0000000
43.791365	0.0000000
43.804785	0.0000000
43.818204	0.0000000
43.831623	0.0000000
43.845043	0.0000000
43.858462	0.0000000
43.871881	0.0000000
43.885301	0.0000000
43.898720	0.0000000
43.912139	0.0000000
43.925559	0.0000000
43.938978	0.0000000
43.952397	0.0000000
43.965816	0.0000000
43.979236	0.0000000
43.992655	0.0000000
44.006074	0.0000000
44.019494	0.0000000
44.032913	0.0000000
44.046332	0.0000000
44.059752	0.0000000
44.073171	0.0000000
44.086590	0.0000000
44.100010	0.0000000
44.113429	0.0000000
44.126848	0.0000000
44.140267	0.0000000
44.153687	0.0000000
44.167106	0.0000000
44.180525	0.0000000
44.193945	0.0000000
44.207364	0.0000000
44.220783	0.0000000
44.234203	0.0000000
44.247622	0.0000000
44.261041	0.0000000
44.274460	0.0000000
44.287880	0.0000000
44.301299	0.0000000
44.314718	0.0000000
44.328138	0.0000000
44.341557	0.0000000
44.354976	0.0000000
44.368396	0.0000000
44.381815	0.0000000
44.395234	0.0000000
44.408654	0.0000000
44.422073	0.0000000
44.435492	0.0000000
44.448911	0.0000000
44.462331	0.0000000
44.475750	0.0000000
44.489169	0.0000000
44.502589	0.0000000
44.516008	0.0000000
44.529427	0.0000000
44.542847	0.0000000
44.556266	0.0000000
44.569685	0.0000000
44.583105	0.0000000
44.596524	0.0000000
44.609943	0.0000000
44.623362	0.0000000
44.636782	0.0000000
44.650201	0.0000000
44.663620	0.0000000
44.677040	0.0000000
44.690459	0.0000000
44.703878	0.0000000
44.717298	0.0000000
44.730717	0.0000000
44.744136	0.0000000
44.757556	0.0000000
44.770975	0.0000000
44.784394	0.0000000
44.797813	0.0000000
44.811233	0.0000000
44.824652	0.0000000
44.838071	0.0000000
44.851491	0.0000000
44.864910	0.0000000
44.878329	0.0000000
44.891749	0.0000000
44.905168	0.0000000
44.918587	0.0000000
44.932007	0.0000000
44.945426	0.0000000
44.958845	0.0000000
44.972264	0.0000000
44.985684	0.0000000
44.999103	0.0000000
45.012522	0.0000000
45.025942	0.0000000
45.039361	0.0000000
45.052780	0.0000000
45.066200	0.0000000
45.079619	0.0000000
45.093038	0.0000000
45.106457	0.0000000
45.119877	0.0000000
45.133296	0.0000000
45.146715	0.0000000
45.160135	0.0000000
45.173554	0.0000000
45.186973	0.0000000
45.200393	0.0000000
45.213812	0.0000000
45.227231	0.0000000
45.240651	0.0000000
45.254070	0.0000000
45.267489	0.0000000
45.280908	0.0000000
45.294328	0.0000000
45.307747	0.0000000
45.321166	0.0000000
45.334586	0.0000000
45.348005	0.0000000
45.361424	0.0000000
45.374844	0.0000000
45.388263	0.0000000
45.401682	0.0000000
45.415102	0.0000000
45.428521	0.0000000
45.441940	0.0000000
45.455359	0.0000000
45.468779	0.0000000
45.482198	0.0000000
45.495617	0.0000000
45.509037	0.0000000
45.522456	0.0000000
45.535875	0.0000000
45.549295	0.0000000
45.562714	0.0000000
45.576133	0.0000000
45.589553	0.0000000
45.602972	0.0000000
45.616391	0.0000000
