SampleIdent ____ DataFileName ______
DiffrType ______   GeneratorVoltage __   TubeCurrent __
Anode __    Alpha1  1.54060    Alpha2  1.54439    Ratio  0.50000
MonochromatorUsed __   DivergenceSlit _      ReceivingSlit ___ 
   5.000   0.020  50.000    MeasureDateTime 21/05/2024   03:45
      16      20      18      25      24      21      21      37      13      25
      25      16      19      18      22      17      17      21      19      14
      27      20      17      25      27      14      15      27      20      13
      19      18      25      25      21      19      21      25      16      17
      14      19      19      16      17      13      14      19      14      24
      15      13      13      16      18      20      18      14      15      20
      17      17      17      18      15      20       7      16      10      19
      17      18      17      15      13      11      21      15      16      16
      20      14      13      16      15      19      25      14      18      12
      13      15      16      11      15      11       9       6      11      16
      15      12       8      12      20      14      10      16      15      11
       9      17      18      11      15      11       9      11      13      16
      16      25       8      13      11      21      21       8      10      16
      13      11       7      16       9      15       4      12       6      14
      15      18      17      12      14       8      14       8      15      16
       9      12      14       6      10      11      13       8      27      12
       8      11      18      13      18      10      17       9      13       9
      17      14      15      13       8       7      17       6      13      15
      12      15      10       9      15      16      14       4      11      10
       6       8      10      16      15       9      10      14      11       6
      10      16      14      10      14      12      13      11      22      23
      18      29      21      34      42      49      61      65      85      95
     111      85      83      46      39      33      33      24      29      16
      26      33      39      48      49      57      75      54      44      44
      41      33      23      22      11      10      13      14      16       8
      18      12      10      14      14      13      10      12      11      11
      14      12      11      10      16      20      16      12       8       6
       8      11       9      11       9      15       6       9       9       8
      15      10      14      10       4      10      14      17      14      12
      15      11      10      15      22      18      20      30      18      22
      28      30      27      29      41      44      59      97     111     157
     218     250     318     378     428     400     348     298     196     117
      84      62      49      35      25      25      20      19      20      13
      16      16      13      15      10       9      16      13       8       9
      17      13      15      20      16      12      16      12      12      12
      15      14       8      19      16      10      14      14      24      17
      19      27      38      27      50      55      74      51      70      82
      67      68      54      43      47      40      71      73      82     107
     129     164     163     173     164     159     155     150     139     108
      82      60      49      35      20      23      30      17      19      15
      15      12      15      17      17      13      16      16      18      11
      20      18      32      22      24      33      24      16      22      39
      42      46      59      67      96     116     150     200     272     308
     338     366     333     305     239     193     133      98      61      41
      35      39      27      28      29      22      23      18       8      23
       9      13      17       9      13      15      14      14      12      10
       9      15      17      12       9      16      11      10      10      17
      15      11      13      17      15       8      12      12      15      14
      16      12      19      23       9      21      13      25      15      34
      28      28      28      28      41      56      66      77     109     115
     133     139     134     118     115      79      52      48      38      30
      32      26      24      28      16      16      19      27      24       8
      22      23      12      12      12      16      10      18      13      12
      15      14      18      16      12      20      18      21      25      17
      17      18      20      25      21      31      21      36      44      52
      48      54      54      72      69      72      61      65      59      36
      39      31      23      28      16      15      22      19      19      21
      17      25      17      16      18      15      24      24      23      33
      36      46      36      59      64      90      94     124     120     151
     142     193     186     201     190     185     133     101      63      52
      48      35      38      19      18      19      22      21      19      14
      21      10      11      11      20      14       7      14      14      11
      12      12      10      14       9      15      14       9      14      11
      11      15      15       5      10       9      10      11      14      14
      11      17      11      12      13      20      11      14      16      18
       7      16      15       8      12      10      14      15      13      12
      13      17       6      18      10      20      22      23      17      22
      28      27      33      39      41      41      49      69      57      77
      75      74      77      67      50      62      80      43      62      49
      66      47      40      43      35      46      51      32      39      26
      28      22      23      13      21      18      17      15      11      22
      11      26      17      22      13      23      16      25      30      45
      47      49      51      60      72      56      63      63      69      75
      59      52      61      48      35      50      36      39      24      24
      29      19      22      17      15      16      17      15       9      12
      10      15       8      17      16      15      11      11      11      14
      12      24      16      11      22      13      13      16      20      26
      23      38      31      39      48      68      71      74      85      93
      74      71      73      70      51      45      36      27      17      24
      17      14      19      23      20      13      14      14      19      20
      21      28      30      39      45      53      67      66      77      89
      82      75      74      67      58      38      37      28      28      21
      22      16      16      14      11      13      18      21      20      14
      11       8      19      14       9      15       9       9      10      12
       9      14      19       8      10      12      18      15      15      18
      16      13       9      14      12      16      10      18      18      16
      11      10      14      11      14      19       7      17      20      15
      15      13      13      16       7      19      11      17      17      23
      22      24      25      32      18      37      30      36      38      40
      43      50      48      53      42      49      43      35      28      25
      32      30      29      14      20      19      19      19      19      16
      14      17      17      17      15      13      10      15      12      20
      22      15      23      20      13      23      34      14      13      17
      17      18      19      14      17      19      22      18      13      17
      22      20      13       9      13      16      12      22      15      16
       8      25      14      13      25      19      17      21      16      29
      33      24      17      17      15      21      11      18      18      17
      12      16      12      13      12      15       8       8      10      13
      15      22      13      16      10      16      10      11      14      18
      15      13      22      15      21       9      24      20      21      20
      30      21      18      16       7      13      18      11      14      13
      18      15      18      17      11      16      17      14      17      19
      12      12      19      25      17      23      24      18      24      26
      16      11      34      26      28      20      24      15      27      24
      26      13      14      21      20      20      25      24      22      20
      19      25      30      33      41      33      44      36      34      36
      38      37      34      26      28      20      21      14      24      16
      10      20      16      14      11      12      10      12      20      11
      12      11      16       8      18      18      15      13      20      13
      17      13      10      11      16      14      23      17      18      13
      13      16      16      14      15      13      17      19      17      12
      16      25      20      22      13      17      19      30      16      22
      22      24      26      21      28      33      30      37      38      21
      35      27      26      34      27      32      38      43      41      45
      33      18      28      37      31      23      18      20      19      13
      15      15      25       6      15      14      19      17      16      11
       7      14      15      13      13      11      15      16      16      18
      20      20      22      30      23      41      47      37      38      36
      25      39      33      29      28      32      28      24      26      21
      20      21      24      21      18      23      18      11      17      20
      13      12      13      17      19      17      21      29      20      21
      18      18      22      15      23      14      17      16      13      16
      24       8      12      14      20      16      20      15      15      22
      14      17      19      21      28      26      28      25      23      20
      22      26      26      20      23      20      13      14      19      18
      14      16      13      21      21      12      21      28      20      31
      18      26      15      27      22      24      17      27      28      34
      33      34      22      39      22      32      31      29      27      27
      24      28      30      25      37      41      38      25      39      36
      25      34      23      32      33      30      30      27      28      30
      32      27      25      19      30      18      21      27      18      28
      17      16      17      12      13      14      16      19      23       9
      20      13      11      15      11      16      20      12      10      19
      12      24      20      20      27      19      23      17      22      33
      27      33      32      20      31      22      20      18      19      19
      18      18      12      11      21      11       9      12      17       4
      14      16      18      14      14      24      18      21      19      19
      25      22      18      20      23      24      31      18      19      24
      23      24      24      16      22      24      14      19      14      14
      19      19      16      15      19      23      13      16      18      19
      10       6      21      23      18      22      13      14      14      14
      19       7       9      18      13      12      14       8       8      11
      12      11      10      13      15      14      14       6      10       8
       9      16      19      12      17      14      10       6      15       9
      10      15      16      12      11      10      20      18      18      17
      22      19      19      19      22      30      22      25      19      26
      19      13      25      14      15      15      20      16      16      17
      10      12      15      14      15      17      20      11      13      15
      12      17      25      19      14      29      25      17      32      15
      27      23      24      26      32      27      25      30      26      20
      22      19      15      20      27      28      16      19      27      16
      19      20      25      22      20      28      15      16      22      15
      21      28      24      18      28      25      29      29      29      38
      36      32      30      25      30      32      17      28      19      18
      18      19      19      20      16      13      17      14      12      19
      17      11      24      13      13      16      13      17      14      20
      24      21      13       8      12      17       9      14      15      15
      12      15      11      17      14      16      24      13      18      12
      21      19      23      15      21      18      21      22      20      24
      21       9      20      17      14      19      14      21      18      10
      20      15      12      17      13      13       9      15      17       8
       8       4      12      11       5       8       8       2       6       6
       8       8       5      15       8      13      10      10      12       4
      11       8       2      15       9       6       5      13       9      11
      11      12      13      12      11      11      11      11       8       5
      10       7      15      19      11      14      18      10      19      11
      16      13      12      18      10      14      22       9      17      22
      16      12      12      17      16      12       8       7      11       9
      11       9      15       6       9       9      12       4       6      13
      12       5       7      12      12      12      14       7       9       7
      11       5      13      12      10      12      11      13       8       7
      15      10       9      11      10       3       8      17       8       4
      14      13       7      10      12      12      10      11      11      16
      10      17      14      13      12      10      12      14      14      15
       9      12      15       7      11      10      13       6      11       5
       9      12      12      12       9      11      11       6       8      10
       8      14      10      14      18      11      12       8      15      13
      14      13      12       4      13       8      10      11      15       8
      11       9       7       6      16      13       8      15       3       7
      15      11      10      11      17      12      11       9      11       8
       6       7       3       9       1       7      11       8       5       9
       6      10       7      12       8      10      15      10       9      12
       8      10      18      11       8       3       8      14      19      10
      12      15       9       9      12      11      10      19      13      16
       7      14      16       7      12      22      18      14      20      15
      16      23      11      20      17      18      19      16      18      15
      16       9      18      19      13      11      17      17      14       8
      16       8      14      12      15      12      13       9      12      11
      10       5      18      12      13      11      10       5       7      12
      10       8       9       4       4      10       7      14       4       4
       7       9       9      11      15      12       6       5       5       8
       6      11      17       4      12      10      16      15       9      12
       9      14       9      13      11       3      12       9       7      12
       7       8      17       8      14      14      11       9      18      16
      15      15       6       7      10      11       9      11      14       8
      13       9      11      11       6      16      11      11      14       8
       8       8       7       7       7      14       7       9       6       5
       7      12       9      10       7       4       5       8      10       9
      10       6      11      15      15       8       7       7       9      13
       7      12       9       8       5      10       6       8       9       4
      11      12      10       6       6       8       4       6       8       6
       9       8      17      13       9       4       6       8       5      11
      10      13       8       7      10       7       4      12      13       9
      10       9       7      10       6      12      13      11      13       8
      10      15      13      11      16      16      18      10      19      19
      18      15      12      16      23      13      16      15      14      14
      14      11      11      18      14      13      10       3       7      16
      12      15      13       9      12      18      12      10       6      12
      21       8      13      12      11      11      16       9      10      14
      14      10      20      11      13      19      18       8       9      16
      17       8      11      13      11      12       9      14      11      11
      14      11      14      15       7      16      15      15      10      10
      13      15      20      11      13      18      15      12      13      12
      11       8      14      16       7      14      11       8       9      15
      13       6       9      13       9       9      12      18      15      14
      13      12       9      17       5      11      13      18      20      18
      14      18      16      18      10      11      10      14      14      11
       6      13      17      12      14      11      16      12      18       8
      10      10      13      16      17      18      17      16      16      11
      10      12       8      17      12      13      14       8      15      11
      14       8      12      10       7      11      18      12      15      10
      15      11      10       7       8       7       8       7      13      14
       6       9      11       7      13      11      13       5      11       7
       5      12       5      10      10      12       9      11      11       8
       8      11       8      12       9       8       6      13      11      10
      15
